30887 804289387
36916 681692781
38336 957747797
60493 719885388
41422 596516651
90028 25202366
20060 783368692
13927 44897769
83427 365180544
55737 304089174
95369 35005213
56430 294702569
21531 336465784
65124 278722864
3136 145174073
79803 101513933
23059 315634026
98168 369133073
18457 59961397
78043 628175013
77374 131176233
44920 859484423
98538 608413786
94325 734575202
64371 149798317
3527 129566417
68981 412776093
41874 911759960
99171 137806864
97282 982906998
20926 511702307
36328 937477088
26506 572660338
21730 805750848
25858 100661317
53896 141616128
546 939819584
33368 998898818
90365 610515436
13751 374344047
26809 477171091
47179 945117278
93585 780695792
2652 491705405
12400 752392756
95061 53999938
93369 411549680
